15287519
15287163
15285675
15285577
15285573
15285451
15285315
15284527
15284405
15284309
15283677
15282471
15281947
15281943
15281049
15280391
15278757
15278417
15277625
15270647
15270407
15269445
15269421
15269071
15267727
15267683
15266467
15262556
15261912
15261638
15260642
15259896
15259660
15255690
15255284
15253862
15252670
15251780
15249264
15249240
15249004
15248574
15247756
15246552
15246480
15243706
15242932
15242902
15242890
15239578
15239146
15239040
15238744
15238382
15237758
15234943
15233865
15233365
15233059
15232611
15232505
15288737
15288517
15288309
15288231
15288081
15287937
