14799401
14799561
14799591
14799787
14799865
14799807
14800023
14795061
14800201
14800247
14800235
14800345
14800323
14800509
14800699
14801177
14801375
14801793
14801695
14802359
14803273
14803359
14803539
14803751
14803965
14804105
14805391
14805939
14806521
14806967
14807047
14807019
14807223
14807195
14807163
14807243
14807549
14807547
14807641
14808011
14808525
14808619
14808667
14808871
14809195
14809591
14809685
14809809
14809787
14810035
14810199
14810231
14810225
14810313
14810393
14810719
14810813
14811011
14811269
14811477
14811513
14811821
14811815
14811883
14811997
14811983
14812063
14812209
14812371
14812447
14812795
14812867
14812955
14813221
14814037
14814391
14814625
14814951
14815235
14815229
14815637
14815675
14815811
14815793
14815891
14816013
14816011
14816299
14816391
14816707
14817001
14817249
14817407
14817629
14817815
14817923
14817999
14818041
14818061
14818219
14818245
14818317
14818359
14818403
14818719
14818709
14818737
14818809
14818911
14818987
14819341
14819535
14819581
14819897
14819911
14819909
14819927
14819937
14820021
14820097
14820231
14820393
14820487
14820527
14820547
14820653
14821065
14821093
14821281
14821523
14821885
14822067
14822169
14822313
14822543
14822839
14823167
14823165
14823613
14823769
14823941
14824141
14824635
14824725
14824809
14824897
14824963
14825311
14825335
14825453
14825757
14826005
14826295
14826419
14827741
14828881
14829177
14829865
14830337
14830527
14830671
14830907
14831025
14831419
14832007
14832125
14834045
14833799
14834803
14835007
14835335
14834559
14835611
14835789
14835933
14836111
14836099
14836229
14836457
14836819
14837239
14837147
14837141
14837271
14837269
14837653
14838109
14838101
14838431
14838527
14838525
14838729
14839193
14839697
14840479
14840619
14840965
14841647
14841595
14841947
14842075
14842309
14843107
14843099
14843507
14843861
14844373
14844353
14844323
14844557
14844775
14845349
14845713
14847065
14847345
14847669
14847663
14847861
14848651
14848693
14848865
14848807
14848993
14850227
14850283
14850529
14850523
14851429
14852657
14853051
14853455
14853539
14853817
14853899
14853887
14853991
14854531
14854503
14855103
14855137
14855621
14855849
14855875
14856027
14856311
14856469
14857085
14857043
14857129
14857367
14857515
14857609
14857799
14858221
14858275
14858397
14858511
14858475
14858633
14858709
14858983
14859259
14859305
14859445
14859569
14859709
14860009
14860091
14860119
14860379
14860639
14860881
14861375
14861669
14861985
14862073
14862489
14862593
14862623
14862721
14862949
14863117
14863151
14864009
14863979
14864243
14864397
14864863
14864871
14865001
14865331
14865403
14865565
14865743
14865851
14866327
14867199
14867583
14867971
14867933
14868751
14869339
14869333
14870045
14870109
14873245
14873503
14874035
14874949
14875609
14876781
14876745
14877561
14878227
14878447
14878407
14878925
14879747
14879941
14879863
14880603
14880745
14880977
14881141
14881121
14881593
14881511
14881617
14881613
14881833
14882099
14882287
14882887
14883081
14883065
14883135
14883285
14883511
14884245
14884305
14884693
14885123
14888129
14894067
14894743
14894903
14895071
14895597
14896969
14896921
14897853
14897845
14897981
14898197
14898157
14898139
14898111
14898093
14898273
14898271
14898489
14898419
14898587
14899273
14899961
14899935
14900069
14900847
14901081
14901379
14902167
14902619
14903073
14903331
14903557
14910303
14910495
14910699
14911019
14911145
14912615
14913027
14913421
14913617
14913541
14914085
14914083
14914021
14914505
14914465
14914717
14914831
14915237
14915265
14915567
14915807
14916733
14916851
14917041
14917469
14917661
14917621
14917833
14917917
14917975
14919103
14920063
14920363
14920347
14920529
14920517
14920913
14921295
14921417
14921567
14921663
14921711
14922135
14922131
14922397
14922569
14922689
14922683
14923089
14923229
14923309
14923303
14923419
14923379
14923589
14923705
14924037
14924035
14924053
14924211
14924425
14924549
14924577
14925141
14925133
14925123
14925213
14925647
14926839
14926923
14927007
14927205
14927393
14927431
14927505
14927643
14927899
14928071
14928147
14928439
14928793
14928803
14928897
14928895
14928911
14929265
14929485
14929561
14929639
14929691
14929733
14929935
14930113
14930261
14930687
14930873
14931069
14931255
14931407
14931753
14933879
14934193
14934505
14936259
14936211
14937177
14937429
14937505
14937783
14938069
14938353
14938793
14939551
14940577
14940521
14940625
14940999
14940953
14941155
14941307
14941495
14942001
14942215
14942775
14942765
14942851
14944113
14944321
14946127
14946113
14947365
14948799
14949279
14949503
14951433
14952463
14960857
14965097
14965949
14966353
14967759
14968693
14968865
14968807
14969889
14970571
14972959
14972705
14973127
14975563
14977173
14978909
14978657
14982727
14982501
14983525
14985705
14985625
14985849
14986149
14986137
14986217
14986627
14986573
14986649
14987333
14987317
14987567
14989855
14991919
14997887
15000621
15005859
15009121
15019629
15020289
15026175
15026085
15032485
15034831
15035333
15035417
15035581
15036079
15036443
15038023
15038357
15038447
15038439
15038491
15038699
15038959
15039269
15039343
15039441
15039415
15039473
15039467
15039557
15039511
15039657
15039705
15039797
15039855
15040063
15040111
15040405
15040647
15040675
15040743
15040823
15040901
15041195
15041169
15041209
15041277
15041305
15041341
15041363
15041489
15041567
15041763
15041983
15042053
15042129
15042163
15042211
15042261
15042289
15042303
15042319
15042335
15042349
15042365
15042483
15042475
15042573
15042567
15042585
15042615
15042675
15042691
15042697
15042799
15042805
15042861
15042869
15042883
15043081
15043101
15043115
15043137
15043167
15043307
15043329
15043405
15043403
15043415
15043449
15043427
15043481
15043633
15043685
15043705
15043741
15043729
15043767
15043801
15043809
15043955
15044001
15044049
15044089
15044079
15044181
15044257
15044361
15044453
15044645
15044783
15045017
15045201
15045267
15045281
15045655
15045701
15045935
15046031
15046291
15046735
15046821
15046963
15047413
15047411
15047381
15047579
15047547
15047533
15047531
15047631
15047663
15047755
15047733
15047713
15047863
15047961
15047953
15048039
15048119
15048087
15048167
15048189
15048411
15048895
15048889
15049121
15049241
15049207
15049309
15049367
15049503
15049615
15049983
15050105
15050201
15050189
15050301
15050683
15050793
15050975
15050943
15051127
15051241
15051217
15051335
15051467
15051595
15051811
15051765
15051745
15051827
15052377
15052397
15052653
15052705
15053095
15053519
15053827
15053807
15054065
15054581
15055291
15055491
15055453
15055535
15055697
15055691
15056679
15056655
15056613
15056747
15056703
15057173
15057501
15057545
15057729
15057725
15058205
15058693
15059343
15059487
15059479
15059651
15059647
15059627
15059915
15059877
15060005
15060149
15060145
15060113
15060301
15060285
15060211
15060423
15060937
15061103
15061281
15061381
15061465
15061451
15061637
15061683
15061799
15062161
15062227
15063227
15063613
15063733
15063805
15064101
15064157
15064549
15064595
15064751
15064941
15065151
15065141
15065287
15065335
15065535
15065525
15066537
15066527
15068349
15070055
15070049
15070591
15070573
15070661
15070765
15070977
15071057
15071247
15071613
15071679
15071827
15072075
15072141
15072283
15072197
15072389
15072769
15073001
15072987
15073151
15073525
15074667
15074625
15074603
15074779
15074761
15074853
15075181
15075267
15075369
15075809
15076095
15076233
15076951
15077047
15077155
15077897
15078063
15078043
15078315
15078565
15078721
15078859
15078999
15079525
15079581
15079579
15079691
15079797
15079763
15080045
15080131
15080129
15080225
15080389
15080351
15080921
15081233
15081275
15081387
15081477
15081909
15081985
15081945
15082037
15082175
15082231
15082235
15082337
15082563
15082709
15082977
15083095
15083083
15083069
15083459
15083439
15083597
15083641
15083741
15083703
15084545
15084541
15084529
15084521
15084517
15084511
15084509
15084501
15084471
15084461
15084409
15084685
15084795
15084849
15084985
15085327
15085465
15085527
15085523
15085485
15085675
15085661
15085919
15085911
15085969
15085955
15085945
15086053
15086403
15086435
15086427
15086419
15086481
15086513
15086495
15086591
15086655
15086649
15086633
15086667
15086747
15086745
15086977
15087201
15087267
15087347
15087423
15087465
15087523
15087551
15087581
15088107
15088219
15088231
15088403
15088601
15088577
15088573
15088761
15088827
15088903
15088911
15088941
15088979
15088981
15089061
15089141
15089213
15089197
15089437
15089457
15089453
15089461
15089507
15089559
15089599
15089671
15089685
15089781
15090135
15090159
15090151
15090275
15090347
15090645
15091435
15091637
15091759
15091861
15091849
15092355
15092767
15092913
15092879
15093201
15093199
15093317
15093295
15093421
15093477
15093583
15094097
15094175
15094165
15094577
15094659
15094735
15094817
15095465
15095399
15095815
15096151
15096209
15096259
15096445
15096611
15096593
15096683
15096649
15096841
15096833
15097141
15097431
15097513
15097561
15097855
15097957
15097997
15098399
15098437
15098419
15098545
15099213
15099305
15099095
15099613
15099897
15099895
15099889
15100747
15100605
15100859
15100851
15101391
15101445
15105805
15105775
15106085
15106271
15106593
15107301
15107487
15107465
15107725
15108365
15108513
15108787
15108961
15108887
15109129
15109439
15109917
15109887
15110081
15110025
15110299
15110559
15110555
15110529
15110515
15110649
15110777
15111193
15111317
15112141
15112513
15112593
15112639
15112821
15113317
15113951
15114027
15114651
15115203
15115247
15115337
15115841
15115799
15115917
15116231
15116193
15116275
15116407
15116507
15116499
15116665
15116727
15116797
15116897
15116891
15117027
15117003
15117315
15117753
15117735
15118131
15118317
15118537
15118705
15118659
15118769
15118767
15119047
15119075
15119291
15119559
15119821
15119731
15119877
15120073
15120781
15121147
15121119
15121209
15121379
15121339
15121821
15121745
15121957
15122285
15122533
15122655
15122617
15122739
15122687
15122903
15122887
15122853
15123181
15123093
15123213
15123375
15123377
15123739
15123723
15123663
15124111
15124247
15124625
15124893
15125721
15125781
15126037
15126421
15126925
15127279
15127379
15127671
15127759
15127841
15127839
15127953
15128375
15128453
15128477
15128521
15128519
15128593
15128565
15128669
15128899
15128989
15128987
15129265
15129261
15129327
15129297
15129597
15129693
15129795
15130049
15130047
15130147
15130149
15130447
15130549
15130545
15130693
15130681
15130945
15131449
15131565
15131691
15131825
15132021
15132063
15132221
15132325
15132469
15132687
15132821
15132953
15132947
15133003
15132993
15132991
15133057
15133191
15133301
15133377
15133403
15133393
15133467
15133565
15133507
15133635
15133719
15133675
15133673
15133825
15133921
15134011
15134035
15134355
15134543
15134643
15134699
15134745
15134769
15134767
15134781
15134829
15134893
15135021
15135005
15135111
15135145
15135179
15135189
15135263
15135499
15135515
15135555
15135563
15135613
15135733
15135763
15135817
15135915
15135909
15135925
15135935
15135989
15136011
15136089
15136087
15136117
15136115
15136127
15136345
15136483
15136485
15136569
15136589
15136685
15136711
15136757
15136795
15136817
15136845
15136843
15136865
15136887
15136893
15136907
15136925
15136947
15136957
15136981
15137157
15137205
15137193
15137263
15137547
15137569
15137603
15137629
15137725
15137831
15137861
15137879
15138041
15138061
15138141
15138173
15138163
15138211
15138269
15138261
15138259
15138427
15138447
15138559
15138631
15138671
15138965
15139253
15139399
15139421
15139477
15139463
15139737
15139755
15140271
15140385
15140547
15140637
15140605
15140783
15140807
15140803
15140851
15141079
15141293
15141371
15141825
15141875
15141967
15142011
15142067
15142037
15142299
15142397
15142469
15142629
15143309
15143383
15143525
15143609
15143709
15143687
15143837
15144139
15144261
15144331
15144563
15144527
15144617
15144739
15144677
15144795
15145071
15145341
15145661
15145525
15145753
15145729
15145913
15145951
15146011
15146061
15146165
15146515
15146511
15146837
15146945
15146897
15146995
15147255
15147285
15147337
15147697
15147839
15147785
15147959
15149167
15149519
15149623
15149609
15149745
15149785
15149915
15150123
15150319
15150433
15150869
15151123
15151117
15151197
15151357
15151339
15151319
15151677
15151799
15151773
15151863
15152113
15152185
15152371
15152361
15152323
15152551
15152991
15153309
15153233
15153461
15153785
15153955
15154099
15154083
15154045
15154161
15154311
15155271
15155241
15155685
15155809
15155863
15155853
15156455
15156635
15156755
15156739
15156955
15157161
15157231
15157275
15157339
15157521
15157571
15157785
15157767
15157749
15157893
15158091
15158817
15158763
15159233
15159279
15159277
15159367
15159625
15159741
15159735
15159927
15160527
15161051
15161117
15161173
15161643
15161785
15162131
15162229
15162187
15162311
15162287
15162621
15162691
15162971
15163183
15163247
15163491
15163551
15163687
15163679
15163757
15163815
15163947
15164273
15164305
15164381
15164407
15164497
15164625
15164667
15164725
15164759
15164803
15165003
15165001
15165423
15165793
15165817
15166089
15166229
15166383
15166647
15166863
15167199
15167455
15167507
15167569
15167555
15167577
15167647
15167657
15167757
15167873
15167907
15167931
15168215
15168423
15168413
15168571
15168703
15168785
15168859
15168845
15168889
15168887
15168875
15168967
15168995
15169065
15169187
15169191
15169313
15169351
15169399
15169407
15169469
15169505
15169523
15169701
15169715
15169765
15169873
15169929
15169997
15170105
15170137
15170263
15170391
15170451
15170479
15170659
15170773
15170757
15170945
15171099
15171319
15171485
15171589
15171957
15172109
15172249
15172301
15172349
15172829
15172925
15172941
15173275
15173465
15173497
15173557
15174291
15174607
15174653
15174769
15174695
15175101
15175137
15175213
15175287
15175263
15175395
15175823
15176075
15176241
15176219
15176209
15176273
15176519
15176629
15176855
15176833
15176945
15177051
15177179
15177285
15177353
15177325
15177407
15177611
15177751
15178321
15178397
15178525
15179245
15179483
15179575
15179865
15179975
15180061
15180171
15180243
15180601
15180587
15180561
15180691
15180763
15180807
15180919
15180905
15180899
15181153
15181633
15181865
15181943
15182347
15182345
15182455
15182417
15182549
15182603
15183039
15183365
15183673
15183763
15183797
15183891
15183873
15183855
15183959
15184017
15184065
15184061
15184101
15184165
15184153
15184477
15184535
15184909
15184951
15184941
15185033
15185221
15185265
15185257
15185291
15185355
15185451
15185605
15185761
15185913
15185979
15186123
15186233
15186307
15186451
15186871
15187413
15187831
15188039
15188085
15188259
15188411
15188503
15188537
15188595
15188625
15188799
15188761
15188843
15189021
15189153
15189137
15189215
15189257
15189253
15189505
15189537
15189525
15189573
15189641
15189629
15189729
15189747
15189831
15189803
15189861
15189927
15189991
15190025
15190061
15190149
15190305
15190347
15190407
15190551
15190547
15190699
15190691
15191039
15191123
15191095
15191423
15191463
15191657
15191941
15191997
15191985
15192119
15192205
15192559
15192521
15192519
15192665
15192779
15193005
15193059
15193123
15193173
15193229
15193197
15193321
15193427
15193361
15193467
15193699
15193763
15193713
15193979
15194031
15194009
15194147
15194693
15195161
15195231
15195345
15195421
15195775
15195745
15195855
15195857
15196005
15196003
15196313
15196389
15196367
15196459
15196453
15196591
15196627
15196689
15196759
15196757
15196991
15197177
15197235
15197261
15197297
15197729
15197815
15197885
15197947
15198041
15198161
15198275
15198387
15198381
15198395
15198681
15198791
15198889
15199061
15199065
15199513
15199511
15199547
15200205
15200413
15200417
15200557
15200883
15201037
15201071
15201125
15201179
15201453
15201651
15201865
15201819
15202077
15202347
15202375
15202903
15202983
15203757
15203741
15204043
15204239
15204371
15204855
15204975
15205203
15205373
15205347
15205337
15205619
15205731
15205685
15206795
15207011
15207321
15207387
15207483
15207875
15208747
15208801
15209087
15209607
15210307
15210205
15210477
15210587
15210575
15210781
15210915
15211201
15211165
15211269
15211725
15211871
15211861
15211857
15211851
15212135
15212889
15213055
15213147
15213139
15213293
15213577
15214019
15214123
15214461
15214435
15214691
15214969
15215115
15215267
15215995
15216349
15216373
15216873
15217011
15217351
15217485
15217915
15218159
15218321
15218665
15218787
15219041
15219237
15219181
15219173
15220579
15220487
15220665
15221267
15221351
15221885
15221855
15221847
15222929
15222925
15223131
15223503
15223425
15223347
15223821
15223617
15223935
15224503
15224903
15224685
15225003
15224955
15225085
15225765
15226073
15227023
15226961
15227347
15227395
15227633
15229481
15230069
15230171
15230341
15230911
15231065
15231845
15231903
15231995
15231991
15232319
15232411
15232409
15232403
15232505
15232611
15233103
15233081
15233063
15233059
15233169
15233365
15233413
15233503
15233459
15233865
15233951
15234009
15234087
15234085
15234239
15234315
15234519
15234723
15234943
15235071
15235229
15235595
15235773
15236331
15236515
15236749
15236953
15237010
15237142
15237418
15237464
15237490
15237718
15237758
15237832
15238382
15238472
15238554
15238744
15238994
15239040
15239146
15239198
15239420
15239578
15239860
15240068
15240332
15240366
15240424
15240468
15240540
15240812
15241270
15241340
15241500
15241734
15241824
15241908
15242022
15242272
15242296
15242312
15242380
15242502
15242666
15242708
15242890
15242902
15242932
15243160
15243176
15243472
15243512
15243590
15243706
15243760
15243966
15244126
15244198
15244352
15244424
15245664
15245924
15246480
15246552
15247756
15247980
15248574
15249004
15249240
15249264
15250004
15250718
15251148
15251308
15251412
15251364
15251780
15251944
15252670
15253738
15253862
15254430
15255284
15255690
15256992
15257412
15258072
15259660
15259896
15260642
15260806
15261638
15261540
15261912
15262556
15265694
15265984
15266467
15266741
15267131
15267193
15267727
15267683
15267825
15267937
15268827
15268987
15269071
15269069
15269257
15269243
15269211
15269445
15269421
15269603
15270407
15270647
15270907
15271251
15271329
15273851
15277625
15277921
15277899
15277827
15278059
15278219
15278417
15278757
15278755
15279123
15279409
15279535
15279521
15279985
15279961
15280259
15280421
15280391
15280667
15281049
15281701
15281947
15281943
15282111
15282289
15282471
15283417
15283677
15284031
15284119
15284279
15284309
15284405
15284527
15284509
15284877
15285389
15285349
15285315
15285451
15285429
15285415
15285577
15285573
15285675
15285775
15285935
15286275
15286329
15286435
15286481
15286553
15286667
15287163
15287519
15287665
15287729
15287937
15288081
15288181
15288271
15288231
15288309
15288535
15288517
15288631
15288603
15288737
15288925
15289703
15289643
15289769
15289729
15289711
15289971
15290083
15290225
15290609
15290853
15291073
15291051
15291177
15291211
15291443
15291525
15291641
15291845
15291907
15291905
15291901
15292049
15292373
15292441
15292585
15292579
15292705
15292939
15293321
15293679
15293781
15293995
15293969
15293961
15294029
15294149
15294565
15294623
15294829
15294857
15294997
15294993
15294971
15295079
15295189
15295145
15295239
15295325
15295501
15295575
15295619
15295735
15295837
15296255
15296359
15296487
15296503
15296577
15296859
15297017
15296985
15297141
15297417
15297399
15297823
15298771
15298913
15300581
15301731
15302069
15302119
15302211
15303609
15303913
15303903
15304625
15304617
15305713
15305737
15306071
15307531
15307697
15307885
15308445
15308617
15310189
15310127
15310935
15311921
15312107
15312285
15313097
15313311
15314217
15314275
15315209
15315349
15315787
15315979
15316095
15317255
15317689
15317815
15318087
15318595
15318699
15319043
15319261
15319401
15319489
15319677
15315603
15297063
15296557
15320115
15320101
15321603
15322085
15322461
15322947
15327117
15327195
15327771
15329467
15329525
15329843
15329789
15330475
15331315
15331361
15331487
15331485
15333327
15333319
15333495
15333929
15334067
15335485
15335805
15336261
15336259
15336417
15336865
15337037
15337185
15337309
15337339
15337333
15338007
15337977
15338089
15338115
15338817
15338991
15339305
15339469
15340615
15340819
15341757
15341871
15342513
15344021
15344055
15344745
15345341
15345417
15345443
15345605
15345751
15346045
15346323
15347529
15347533
15347851
15348285
15350773
15351171
15351433
15351473
15351617
15351847
15351925
15352353
15352647
15352809
15352989
15353093
15353255
15353733
15354287
15354271
15354343
15354969
15355157
15356267
15358005
15358167
15358833
15359003
15359103
15359531
15359653
15360113
15360705
15361799
15362011
15362153
15363393
15363571
15363541
15363949
15366279
15366473
15367741
15368233
15368447
15368625
15369045
15369995
15371097
15371469
15371949
15372151
15372411
15372403
15372717
15373153
15373143
